70895 87527
21132 2296
92369 42114
94307 5037
25006 29460
54610 42089
42250 32314
38905 2658
62964 87586
90736 17493
85017 1704
34254 85660
99891 1729
66380 30415
67273 45647
71242 62727
66972 95060
88294 62332
86995 61358
46168 95695
51261 72544
7940 77828
38162 72000
60348 50655
92095 52800
19415 94455
84046 51559
18017 10882
34488 74373
87114 16171
72062 4023
41673 61351
64915 42452
34785 52629
28074 75384
48995 79610
79850 7032
52603 71569
93029 1968
60482 92765
62482 88543
3905 56591
89835 23620
31950 85356
67967 91966
38234 67577
33350 15251
31034 67885
42636 75444
42330 26010
21391 15267
1823 40752
27517 64411
85706 72477
69635 54399
86784 13381
21601 27240
42445 68607
78327 13437
103 63293
5202 53454
95874 40713
43661 63399
71595 44885
48839 476
57737 87408
51741 66641
5304 82696
57994 99978
58527 98458
18000 42425
21968 8912
29175 39801
90596 57136
59989 25465
79447 29885
17636 62501
10701 23339
16396 70962
90290 31424
42181 46504
33623 19749
50210 84642
80564 57628
77413 60906
73491 68284
98916 81321
59088 23031
8834 9933
14461 49115
59599 506
91218 42810
51189 8058
17389 79522
21867 32545
96314 90839
55431 51816
94135 34829
86463 33848
13040 20345
54711 79314
6137 58721
32476 34698
1630 6931
24776 33460
68911 35169
21029 68150
77271 98735
59171 69924
69090 19262
48336 73558
93721 83493
84630 75850
25673 49193
86027 53221
21335 7261
67047 90326
52099 86662
71618 85689
88613 4579
83426 42637
808 57982
37032 24217
81419 24821
60192 49319
96908 93127
88048 33909
19018 64520
3252 36011
92614 85013
72577 46050
51065 40409
70207 75145
99070 16254
652 33147
44684 62969
60096 55471
77223 25683
4026 33196
55788 95228
21067 24444
94371 11874
48264 76692
3768 6588
1363 69483
78033 95967
35220 94887
93703 56449
94018 29115
23779 91026
58800 12832
55220 67378
50648 50030
38664 50221
1880 55693
92163 72614
64735 31053
26902 91085
87299 21881
62185 47647
49784 20049
49425 18121
20784 1496
30428 60668
62754 54789
13964 91018
88729 43604
66421 1619
48150 63766
77297 10747
98700 862
78333 74644
3161 68013
66296 20792
75558 5021
3730 63684
89247 49909
49431 45804
51098 51789
977 5984
40551 79994
15344 14912
10090 98614
10410 33291
44539 17828
40165 41988
80612 3858
79439 65494
95251 27880
50189 60108
81568 60916
70713 66477
44558 76491
11556 32488
65280 5768
97487 96953
1812 901
3589 87158
18045 1495
55330 24040
57280 66379
57419 47632
6547 28268
44325 72351
29760 52455
66531 56853
83015 32327
885 26351
63757 34271
896 16669
87024 12469
83343 18771
26620 50086
81299 90104
6812 47556
80444 64809
81026 70915
95530 38701
88029 93559
36884 26918
33202 13356
63060 92187
2779 3656
15042 19930
82276 61592
79858 72743
16879 49901
37031 91277
21150 89601
99968 21128
18194 49970
76227 36089
64281 99576
35520 96935
93958 27519
92404 31921
2763 17584
81775 50235
69969 59646
29616 2889
12103 12473
98883 86886
49541 89987
20979 47958
63075 29037
6966 74761
15113 10966
69470 93179
11055 51466
76181 63167
80395 43694
98916 52611
64208 38090
18406 12718
5958 69061
94280 7711
55937 93434
12171 57934
16135 88509
75409 39952
71980 68595
17503 49821
80151 18022
73375 76436
7529 5972
62300 50705
45350 43834
3546 33266
54791 69339
6889 78582
35418 93390
54539 66442
46354 25303
18399 23261
51498 46
37185 65056
4767 67147
11609 81539
39082 65055
62650 46531
73711 97073
37879 83707
8562 45333
43855 38697
31169 7877
28838 8627
22357 20529
39331 58440
9963 30042
26449 9657
86470 17916
83657 21722
76071 35304
56101 98689
9404 98615
73613 44700
40100 12665
24356 60566
16289 33668
4193 20752
2307 57899
48017 95133
31150 23475
73623 83134
56566 42558
46127 9207
65174 39118
1510 88068
3669 53487
51558 5718
73880 89073
29281 78001
49345 18868
23835 42282
71090 39845
97046 9820
87392 61814
69816 56493
12581 44021
16013 57774
93321 47519
3885 80174
87301 54272
80614 25879
78886 14987
4296 89871
79069 26812
89478 29565
82902 9354
47302 65846
86614 42837
69380 31332
98743 55814
25718 56840
14869 1443
21320 40187
63901 41172
83549 72871
75400 62564
32870 9612
62008 94034
23336 53325
58863 43424
25923 93854
12699 79650
67849 82615
67378 97025
33991 47271
49717 50435
82774 50676
19711 26191
28190 76530
12654 18160
92034 80546
67159 11684
36058 80398
2695 38864
42379 70314
83023 57895
22334 36910
77793 26468
98898 21696
13561 84643
25853 22669
87626 36128
78081 52501
3314 18587
71687 74046
73760 83337
50074 15257
32691 62768
2682 25047
85385 89786
66780 69261
30710 47798
99522 81613
86031 72009
97423 78319
50784 93215
83465 17115
51639 13826
78244 31440
22430 32506
20894 98815
85397 88585
7940 8752
16819 80339
73823 80053
99710 22245
45518 39904
89026 45490
65492 17932
40711 13290
92174 27221
84894 18000
55199 1258
55701 50506
63858 30878
25392 84079
41511 98509
28899 94632
86164 38350
6364 47252
37981 60597
35900 14894
68171 65427
76543 59293
90537 38181
92240 96452
36895 61022
81752 89432
30648 98310
96435 59759
38978 13079
88149 85373
83450 50147
92912 57863
41262 77817
22424 4630
74928 14549
5202 42654
86887 79586
91844 19696
7338 97273
14797 16081
88554 53602
72020 25560
96973 50554
86058 7355
65588 28826
75299 3092
93435 32847
62561 42144
56455 73246
37667 16810
24550 1476
85280 94785
63357 48844
87055 50540
36063 97969
7991 39525
10558 48488
80941 9492
20249 10840
10288 41811
23079 12041
26128 42263
52600 25581
33605 55633
57395 43937
18608 61280
80700 96642
90634 17950
40787 79492
66379 65210
34459 1141
23522 56206
982 72221
83125 91835
51816 59096
11256 49953
92717 99418
65644 54928
39084 29931
51600 12597
52884 8272
92903 43626
10043 20014
68002 84285
40874 49784
9635 87828
72957 61017
16840 51943
45788 72747
82341 18136
59626 43831
95413 37490
67121 75053
40607 73838
15630 17837
76056 20232
599 34600
41625 37467
95901 90267
16777 84459
85775 67064
20789 99446
34764 85440
23808 8260
97048 82787
16291 81324
84588 48634
66446 34572
84729 40068
80575 71140
42186 4357
69601 90474
97814 17112
16555 49402
7108 3783
